# t delta
169.500000 -0.212867
508.500000 -0.054144
847.500000 -0.038739
1186.500000 -0.029685
1525.500000 -0.024448
1864.500000 -0.020389
2203.500000 -0.017820
2542.500000 -0.014832
2881.500000 -0.011178
3220.500000 -0.014646
3559.500000 -0.011206
3898.500000 -0.009593
4237.500000 -0.009703
4576.500000 -0.010023
4915.500000 -0.009921
5254.500000 -0.007156
5593.500000 -0.007550
5932.500000 -0.008211
6271.500000 -0.007537
6610.500000 -0.007445
6949.500000 -0.006261
7288.500000 -0.005447
7627.500000 -0.002961
7966.500000 -0.004572
8305.500000 -0.007349
8644.500000 -0.006998
8983.500000 -0.006650
9322.500000 -0.004891
9661.500000 -0.007009
10000.500000 -0.006885
10339.500000 -0.006012
10678.500000 -0.004758
11017.500000 -0.003257
11356.500000 -0.003429
11695.500000 -0.003027
12034.500000 -0.001202
12373.500000 -0.001722
12712.500000 -0.003819
13051.500000 -0.004592
13390.500000 -0.002222
13729.500000 -0.001271
14068.500000 -0.002440
14407.500000 -0.000413
14746.500000 -0.003204
15085.500000 -0.003083
15424.500000 -0.000878
15763.500000 -0.001087
16102.500000 -0.002996
16441.500000 -0.002154
16780.500000 -0.001694
17119.500000 -0.001868
17458.500000 -0.005805
17797.500000 -0.005197
18136.500000 -0.004974
18475.500000 -0.003879
18814.500000 -0.005007
19153.500000 -0.004749
19492.500000 -0.003140
19831.500000 -0.003569
20170.500000 -0.004647
20509.500000 -0.005535
20848.500000 -0.003781
21187.500000 -0.004214
21526.500000 -0.004697
21865.500000 -0.003551
22204.500000 -0.002326
22543.500000 -0.003208
22882.500000 -0.006511
23221.500000 -0.007127
23560.500000 -0.003836
23899.500000 -0.003293
24238.500000 -0.005038
24577.500000 -0.005089
24916.500000 -0.002372
25255.500000 -0.003490
25594.500000 -0.004244
25933.500000 -0.005694
26272.500000 -0.005177
26611.500000 -0.005313
26950.500000 -0.001387
27289.500000 -0.002846
27628.500000 -0.002901
27967.500000 -0.001864
28306.500000 -0.001321
28645.500000 -0.000785
28984.500000 -0.001832
29323.500000 -0.000105
29662.500000 -0.004156
30001.500000 -0.001695
30340.500000 -0.003945
30679.500000 -0.002131
31018.500000 -0.004762
31357.500000 -0.001692
31696.500000 -0.001834
32035.500000 -0.001978
32374.500000 0.002944
32713.500000 -0.001723
33052.500000 -0.001325
33391.500000 -0.003058
33730.500000 0.002422
34069.500000 0.002262
34408.500000 0.000608
34747.500000 -0.000729
35086.500000 -0.000789
35425.500000 -0.003222
35764.500000 -0.002088
36103.500000 -0.000654
36442.500000 -0.002938
36781.500000 -0.000627
37120.500000 -0.000080
37459.500000 -0.004686
37798.500000 -0.002307
38137.500000 -0.001997
38476.500000 -0.001186
38815.500000 -0.001768
39154.500000 -0.003351
39493.500000 -0.002045
39832.500000 -0.003640
40171.500000 -0.000606
40510.500000 0.000905
40849.500000 -0.001939
41188.500000 -0.000011
41527.500000 -0.004252
41866.500000 0.002309
42205.500000 -0.000286
42544.500000 0.001270
42883.500000 -0.002473
43222.500000 -0.001991
43561.500000 -0.002538
43900.500000 -0.001362
44239.500000 -0.004043
44578.500000 -0.000425
44917.500000 0.000884
45256.500000 0.001182
45595.500000 0.002176
45934.500000 0.000961
46273.500000 -0.002489
46612.500000 0.001704
46951.500000 0.001396
47290.500000 -0.000269
47629.500000 0.000345
47968.500000 -0.000871
48307.500000 -0.000648
48646.500000 0.000396
48985.500000 -0.004984
49324.500000 -0.000998
49663.500000 -0.000953
50002.500000 -0.001419
50341.500000 -0.002629
50680.500000 -0.002161
51019.500000 -0.002074
51358.500000 -0.004357
51697.500000 -0.003170
52036.500000 -0.003864
52375.500000 -0.001433
52714.500000 -0.002337
53053.500000 -0.001644
53392.500000 0.001485
53731.500000 0.002802
54070.500000 0.002216
54409.500000 0.004177
54748.500000 0.001882
55087.500000 0.001617
55426.500000 0.002344
55765.500000 -0.000480
56104.500000 -0.002575
56443.500000 -0.001653
56782.500000 0.000951
57121.500000 0.001817
57460.500000 -0.000314
57799.500000 0.002482
58138.500000 0.002193
58477.500000 0.002579
58816.500000 0.002261
59155.500000 0.001387
59494.500000 0.000730
59833.500000 0.001346
60172.500000 0.000721
60511.500000 0.003024
60850.500000 -0.000581
61189.500000 0.000519
61528.500000 -0.000677
61867.500000 -0.000288
62206.500000 -0.004895
62545.500000 0.000562
62884.500000 -0.003368
63223.500000 0.001024
63562.500000 0.000374
63901.500000 0.000477
64240.500000 0.000753
64579.500000 0.001255
64918.500000 -0.000517
65257.500000 0.001510
65596.500000 0.000110
65935.500000 0.000414
66274.500000 0.001203
66613.500000 -0.000476
66952.500000 0.000513
67291.500000 0.002852
67630.500000 -0.000449
67969.500000 -0.001703
68308.500000 0.001762
68647.500000 0.000339
68986.500000 0.002667
69325.500000 0.000275
69664.500000 -0.000522
70003.500000 0.001168
70342.500000 0.002242
70681.500000 0.000992
71020.500000 -0.001115
71359.500000 -0.003734
71698.500000 0.001029
72037.500000 0.001634
72376.500000 -0.000444
72715.500000 -0.000989
73054.500000 -0.001716
73393.500000 -0.000509
73732.500000 -0.000309
74071.500000 0.003608
74410.500000 -0.001220
74749.500000 -0.000108
75088.500000 0.003770
75427.500000 -0.001214
75766.500000 0.001653
76105.500000 0.001340
76444.500000 0.000172
76783.500000 0.000980
77122.500000 -0.001047
77461.500000 -0.002807
77800.500000 0.001573
78139.500000 0.000408
78478.500000 0.000666
78817.500000 -0.000740
79156.500000 0.000795
79495.500000 0.000108
79834.500000 -0.001917
80173.500000 0.002336
80512.500000 -0.000103
80851.500000 0.000912
81190.500000 0.002223
81529.500000 0.002067
81868.500000 -0.000932
82207.500000 -0.002046
82546.500000 0.000839
82885.500000 0.002665
83224.500000 0.001188
83563.500000 -0.000435
83902.500000 -0.000106
84241.500000 -0.001329
84580.500000 -0.003457
84919.500000 -0.003398
85258.500000 -0.001569
85597.500000 -0.001320
85936.500000 0.001546
86275.500000 0.000312
86614.500000 0.000537
86953.500000 -0.000560
87292.500000 -0.000251
87631.500000 0.001426
87970.500000 0.000680
88309.500000 -0.002647
88648.500000 -0.000602
88987.500000 -0.002667
89326.500000 0.000816
89665.500000 0.000491
90004.500000 0.001533
90343.500000 0.000781
90682.500000 -0.000157
91021.500000 -0.001183
91360.500000 -0.000747
91699.500000 0.000036
92038.500000 -0.001004
92377.500000 -0.004432
92716.500000 -0.001827
93055.500000 0.000469
93394.500000 0.000779
93733.500000 -0.002979
94072.500000 -0.002901
94411.500000 -0.003288
94750.500000 -0.001055
95089.500000 -0.004636
95428.500000 -0.000588
95767.500000 -0.000535
96106.500000 0.000796
96445.500000 0.003611
96784.500000 0.000886
97123.500000 0.001512
97462.500000 0.000003
97801.500000 -0.000790
98140.500000 0.001566
98479.500000 0.002252
98818.500000 0.004122
99157.500000 -0.002775
99496.500000 -0.001329
99835.500000 -0.000896
100174.500000 0.001770
100513.500000 0.001764
100852.500000 0.000738
101191.500000 0.002945
101530.500000 0.000239
101869.500000 0.003296
102208.500000 0.001407
102547.500000 0.001092
102886.500000 0.002142
103225.500000 0.001200
103564.500000 0.002295
103903.500000 0.000929
104242.500000 0.001421
104581.500000 0.003238
104920.500000 0.004407
105259.500000 0.004231
105598.500000 -0.002615
105937.500000 0.000979
106276.500000 0.000896
106615.500000 -0.002033
106954.500000 0.000386
107293.500000 -0.000721
107632.500000 0.004092
107971.500000 0.004030
108310.500000 0.000635
108649.500000 0.001046
108988.500000 0.002425
109327.500000 0.004093
109666.500000 0.003626
110005.500000 0.003400
110344.500000 0.003273
110683.500000 0.003416
111022.500000 -0.000521
111361.500000 -0.002010
111700.500000 0.000299
112039.500000 0.001349
112378.500000 0.002897
112717.500000 -0.000020
113056.500000 -0.000489
113395.500000 -0.002073
113734.500000 0.000625
114073.500000 -0.000765
114412.500000 0.000033
114751.500000 0.000242
115090.500000 0.001963
115429.500000 0.000532
115768.500000 -0.003968
116107.500000 0.000765
116446.500000 0.002030
116785.500000 0.000577
117124.500000 -0.000914
117463.500000 -0.001894
117802.500000 0.001151
118141.500000 0.001355
118480.500000 -0.000568
118819.500000 0.000919
119158.500000 -0.000496
119497.500000 0.002088
119836.500000 0.000204
120175.500000 -0.000464
120514.500000 -0.000159
120853.500000 -0.001309
121192.500000 0.000845
121531.500000 0.001756
121870.500000 0.000628
122209.500000 0.001616
122548.500000 0.000739
122887.500000 0.001938
123226.500000 0.003635
123565.500000 0.003812
123904.500000 0.003256
124243.500000 0.001343
124582.500000 0.000002
124921.500000 -0.003894
125260.500000 0.001172
125599.500000 0.001072
125938.500000 0.000540
126277.500000 -0.000921
126616.500000 0.002181
126955.500000 -0.001101
127294.500000 -0.000039
127633.500000 0.000330
127972.500000 0.002347
128311.500000 0.004135
128650.500000 0.004654
128989.500000 0.003758
129328.500000 0.001889
129667.500000 0.003049
130006.500000 0.000279
130345.500000 0.001759
130684.500000 0.002456
131023.500000 0.002998
131362.500000 0.004753
131701.500000 0.002897
132040.500000 0.002479
132379.500000 0.000123
132718.500000 0.001479
133057.500000 0.003454
133396.500000 0.002748
133735.500000 0.003174
134074.500000 0.002220
134413.500000 0.001567
134752.500000 0.001791
135091.500000 -0.002283
135430.500000 0.001235
135769.500000 0.000727
136108.500000 0.002760
136447.500000 -0.002198
136786.500000 -0.001692
137125.500000 -0.003114
137464.500000 0.000742
137803.500000 -0.001594
138142.500000 -0.000782
138481.500000 0.000921
138820.500000 -0.003134
139159.500000 0.001441
139498.500000 0.000875
139837.500000 0.001240
140176.500000 0.003465
140515.500000 -0.000309
140854.500000 -0.000352
141193.500000 -0.002881
141532.500000 -0.000782
141871.500000 0.000316
142210.500000 -0.002655
142549.500000 -0.002887
142888.500000 -0.000660
143227.500000 0.003182
143566.500000 0.000172
143905.500000 0.000082
144244.500000 -0.002458
144583.500000 -0.001949
144922.500000 0.002244
145261.500000 0.003111
145600.500000 0.000761
145939.500000 0.000961
146278.500000 -0.001154
146617.500000 -0.001997
146956.500000 -0.000709
147295.500000 -0.002653
147634.500000 0.000012
147973.500000 -0.001243
148312.500000 -0.004897
148651.500000 -0.000947
148990.500000 -0.001223
149329.500000 -0.001556
149668.500000 0.003666
150007.500000 0.001599
150346.500000 0.000825
150685.500000 0.001308
151024.500000 -0.000120
151363.500000 -0.001965
151702.500000 0.001331
152041.500000 0.000290
152380.500000 -0.000674
152719.500000 -0.001192
153058.500000 -0.002705
153397.500000 0.000354
153736.500000 0.001411
154075.500000 0.000216
154414.500000 0.005658
154753.500000 0.000659
155092.500000 -0.000635
155431.500000 -0.001157
155770.500000 -0.002133
156109.500000 0.002052
156448.500000 0.002066
156787.500000 0.000488
157126.500000 0.003694
157465.500000 0.001748
157804.500000 0.000372
158143.500000 0.001551
158482.500000 0.002064
158821.500000 0.002316
159160.500000 0.002387
159499.500000 0.001193
159838.500000 0.000559
160177.500000 -0.001319
160516.500000 0.001136
160855.500000 0.000407
161194.500000 -0.000715
161533.500000 0.000631
161872.500000 0.000900
162211.500000 0.004687
162550.500000 0.002802
162889.500000 0.003913
163228.500000 -0.000052
163567.500000 -0.001051
163906.500000 0.001259
164245.500000 -0.000668
164584.500000 0.000304
164923.500000 -0.000520
165262.500000 -0.001171
165601.500000 0.000173
165940.500000 -0.001055
166279.500000 0.000593
166618.500000 -0.002401
166957.500000 -0.001681
167296.500000 -0.004613
167635.500000 -0.001322
167974.500000 -0.002515
168313.500000 -0.002975
168652.500000 -0.001460
168991.500000 -0.002010
169330.500000 -0.000355
169669.500000 0.002708
